203054000001009050400100200000000109005030000000000000070902008500300001002800400
060000000100000300005840000000090007810700000500000008058014009000007004000603170
007010800200050001000704029000400000005000060000600070000049005010007600040002090
002069000000003100000500270300076020080010000160002300000000000000000830009100056
050007010001030020740000006010070032000400001200000408625000000074008005000000060
080046000602809000003070400078060000000008603000520000800430700900000000054000002
090600007400000000520000000900100045010000000080200910800002060600780100072510004
810000007040006008000830900080400001000000000709000004000950010070080000304010006
000070009093500020000048600000600005908000700042083906600004000050000000030000008
302000000050708100970030500860019000005000001000080050000020000090006800080007000
720090083090004200040001060000000008610000037000000600030960000870030000002807000
080060000004190800000000005009001006231005000000030000803004002010209400005000080
000003000002500100609002008005209060000700003203800500006000009000007080000600071
300040007000300200014000000003070890089000700007290340698000001020060000001000000
000000000000820075700049600000200007000754008000000940250070800000400012046000000
080020050204078900070960003050000800000002400800007035300609000900000007000000000
095000002000008400400000009010000304050123000086400200000009008001680050000000001
090000150005400280640000009009000002052080610460000000000070000000000008901000740
103060009290005000000000007005036800900018500010000002821300000030020000500090000
000000006000001047046000903001706050007490000800010600100000080000000300300900004
149076800000304000300180700000408000000060010607000000560007040713005008008003000
040015080190430007000800030700008000500000000000050010030040090000069850005000300
009100000020980000015030809000006908961005300003000070602000500050000000000000607
010573489000000100000001530000900000900006000500180000000004003400000800360007010
000503097000970000000064100060100000304000050020007301000001462700000000000000003
500000090000490018098100304200000006000500000000030800000600100040003200632005400
000000045000040000012970080700000920900058010000000000890031000024089000300020000
060508000030060750009030000900080560850100900300090070000050600000001000000002008
007400000000200300100097000003020015000000000000159002084000003209010500000084200
400003100100740009079800003704090001000006804060570030600009000030000000017000000
000000021903001450004035900000250000830000000002006000490000002050000100218090500
000000000459010067030000001000000000600007403708040006005600800000450000900100300
004206015620400000005300000140008003070003040050710000000000600300070500000002007
802000010004000079970200000000700800000004000000800037023900005008170300700005400
000000400020800005001007000407030000600002000030501008000260007000074051000005002
300000000065280301000500900000156000000000000009023000050090600001604203046000000
500976000807000400020500000005207010401000200000000007060108900000405000900000000
001000000000500000080000027000100009040072108025300000403800000070000000500030790
800450012020308006060000000000000060594000000000920000200100304000060800001809000
004970300600000040109540700900100860000000000801000957000003000700001000508000000
000000080000850000300020400100030200500910000090000600435000010060000900019008003
004008000000040280530092000000060008910080000080030690000000506000009320060000040
000003207709040360600000000000200000003000000000700400395400080000002500004860700
347020010025070060060500000000906020003000000050002000092700030700109000010000600
900000000000000001600010020701050360300070000050300100004503009060407530002190600
004060007100900800970010036000001000705306008008007009003050000807000040690000000
003704900050026840000098073205000030006800000309000080700409200000000000408200000
000000000003010800000420709806000002000007004071830900190080600000109200004000000
007003900260900307010070056000000730100009000600000002000000000000007495700460200
000000000260100803308500170020000005103000280007090006000903000006080002070000000