040000000000070408300050000500000000007460800800000723208100000031580040000000002
001790062000100000004085090700008019048000200092000040059000004000020000000060000
000400080607050000003000500070000200506020810100000407028000000700301000305060000
005070601000009700000080025000001002000000008070690000004000050069000400002040019
080400006007006000000000190040000000009008060100000570004000600008004000705120000
070002000203400500064700300128604000040107600000500008736000000000000080002000000
700420809490800001003000002000719028060000000000000000800006904070900000000038007
100000096000130000000009350960020085000006409402050000010890600004510030000004000
702000000050200006001740050004070065000100924060000100906400007080000009200000500
892057010000000000000030500009805000260090000100000007000080070685071003700000200
004005010005030690006907003000000000040300000032060050600040000000000372070100000
000001027007030000210050400000000000004600310030080206000028104000370500090040080
005800000020000000300012806602090008100700000900051003098000005030080100000500007
000609000703000500001430006005000309000500010920000400030002060500000000000016000
010000009000865000000300200025006000007000000006201570070093000301002700090000006
706203000030790000208000000000070020002908003860005000000030406005000002009400000
000000005057000020000020604000003000020060001004000800003801200060700100108006300
700035100000900000000810720000003007000092530000000200006009008821000600030060050
002000090900700000080030200000000600700120000000306000030800001190000062460010807
007600005000000700040000030600002509020050047090000020300006900072000300006840002
010098006007604900040010000060000000270009000008760000000000200000200470000106003
060008000940070800000940062090623001000000320004000006000000403300400087000800000
000830000300000720002005086050703000000500903900040800007300500000020000000000049
000806700000000086300090100002900051007000900960008300120000000005200000000010065
000000000102604090000000001080100026000200000020039004096002050000000800810060030
000080700093000504080009000040001809009003071005090402030015000010430000500000000
050300000020041056003690000090514000001000000000900800800000000430086005005030009
000060802000003007005000900000075000000000009000080120386001000100007205507000003
060010900500986030000057800100000700004000003000000561006300000890000010400000008
600700000080004003005080000100057000000100007056408300074001000002603000000500804
006000100080000000000000062000100003059002008170038000000080700020009500008053029
000000000750046001200005900005080070406502009020001000007400600018007000000010000
005000004600080000090200107020016000009000015000500600000602700000090450000001089
100000007024000900780009400079020105450010000000000040001008320000400000900000058
900800000054003000001500780100709638000000050040600970000000400000067090000300000
073400500210060000009000000050000790920010600400006050060270000001035000000900000
000200009090060000680003002203000040056001000100300000000900050004180630000040000
000000050003400807009050142500200700030001005180030000000980400000700000970020000
000000196000503078080006002600320000001000020570000000090007300800100000100000050
308900005507080100000400009020100004401000000870000000130040000000023000000008500
000090050539078000800100000000000000014030000300200005100302007000040002900710400
905006007300074010100020960006003000403100090000000700070000006000000130200000000
097600001000800904200000000020000000000900600010063000070030000900140807040007160
408000020370002650050000007600040080039080002040700000000000000000060370000300500
504000000000002741200100900400500003000610009009000600000000000901004300602901004
310070400506900800000503600070005000001400009604390701009000074100000000700000000
070020840400000000002000790080000400160000000000007089019400060048069370630000000
000000000500100000002700000070510200000008009083407105800020703109000008000004020
030100000000000120000008000002050001900200300350070800000000410701003008800009003
050900001097800040000000780000540000080006900006030050000000000901004600605070004